{
  "nbformat": 4,
  "nbformat_minor": 0,
  "metadata": {
    "colab": {
      "name": "IntroCont.ipynb",
      "provenance": [],
      "collapsed_sections": [],
      "authorship_tag": "ABX9TyNvvm+HwgGRIvqEnDObAqYV",
      "include_colab_link": true
    },
    "kernelspec": {
      "name": "python3",
      "display_name": "Python 3"
    }
  },
  "cells": [
    {
      "cell_type": "markdown",
      "metadata": {
        "id": "view-in-github",
        "colab_type": "text"
      },
      "source": [
        "<a href=\"https://colab.research.google.com/github/cdcmx2020a/groupA_Jose/blob/master/IntroCont.ipynb\" target=\"_parent\"><img src=\"https://colab.research.google.com/assets/colab-badge.svg\" alt=\"Open In Colab\"/></a>"
      ]
    },
    {
      "cell_type": "markdown",
      "metadata": {
        "id": "qSe5GL6aM01x",
        "colab_type": "text"
      },
      "source": [
        "# Introduction and basics of the Task\n",
        "## Today we are going to use some libraries to make things easier ...\n",
        "\n",
        "\n",
        "*   numpy\n",
        "*   scipy\n",
        "*   plotly\n",
        "\n"
      ]
    },
    {
      "cell_type": "markdown",
      "metadata": {
        "id": "mkhuW4IQYbEo",
        "colab_type": "text"
      },
      "source": [
        "![texto alternativo](https://miro.medium.com/max/432/1*jTW7doI_cqC_p9XQrmuu9A.png)\n",
        "\n",
        "## In this example, the graph consists of 4 points linked by arrows. We call the points \"nodes\" and the arrows \"edges\".\n",
        "\n",
        "Here we will build some graph using random positions and they will be connected based on the proximity of their neighbors.\n",
        "\n",
        "![texto alternativo](https://github.com/napoles-uach/figuras/blob/master/nn1.png?raw=true)\n",
        "\n"
      ]
    },
    {
      "cell_type": "markdown",
      "metadata": {
        "id": "hdOMH4L_Vi5p",
        "colab_type": "text"
      },
      "source": [
        "\n",
        "\n",
        "---\n",
        "\n",
        "\n",
        "\n",
        "---\n",
        "\n"
      ]
    },
    {
      "cell_type": "markdown",
      "metadata": {
        "id": "bysDK0dGVmKO",
        "colab_type": "text"
      },
      "source": [
        "# **`Numpy `** is perhaps the most important library we will use. Once imported, we are able to do numerical operations. "
      ]
    },
    {
      "cell_type": "code",
      "metadata": {
        "id": "2q9uegHvRhu9",
        "colab_type": "code",
        "colab": {}
      },
      "source": [
        "import numpy as np"
      ],
      "execution_count": 1,
      "outputs": []
    },
    {
      "cell_type": "markdown",
      "metadata": {
        "id": "b0OqzVNFV73K",
        "colab_type": "text"
      },
      "source": [
        "## Now, Python knows what is $\\pi$, and $\\cos(\\pi/4)$:"
      ]
    },
    {
      "cell_type": "code",
      "metadata": {
        "id": "b5ucGqg9WWM0",
        "colab_type": "code",
        "colab": {
          "base_uri": "https://localhost:8080/",
          "height": 34
        },
        "outputId": "2d809eb6-605c-4e9d-e9f1-455e551139c5"
      },
      "source": [
        "pi= np.pi\n",
        "copi= np.cos(pi/4)\n",
        "\n",
        "print(pi,copi)"
      ],
      "execution_count": 2,
      "outputs": [
        {
          "output_type": "stream",
          "text": [
            "3.141592653589793 0.7071067811865476\n"
          ],
          "name": "stdout"
        }
      ]
    },
    {
      "cell_type": "markdown",
      "metadata": {
        "id": "tpaN4uvBXGSm",
        "colab_type": "text"
      },
      "source": [
        "If you want something more fancy:"
      ]
    },
    {
      "cell_type": "code",
      "metadata": {
        "id": "XIuUmbPKXLE0",
        "colab_type": "code",
        "colab": {
          "base_uri": "https://localhost:8080/",
          "height": 34
        },
        "outputId": "6ac29a88-86d2-4d39-d90f-5c3694238408"
      },
      "source": [
        "print(\"pi = \",pi, \"cos(pi/4) = \",copi)"
      ],
      "execution_count": 3,
      "outputs": [
        {
          "output_type": "stream",
          "text": [
            "pi =  3.141592653589793 cos(pi/4) =  0.7071067811865476\n"
          ],
          "name": "stdout"
        }
      ]
    },
    {
      "cell_type": "markdown",
      "metadata": {
        "id": "tGYfb4BvXZtx",
        "colab_type": "text"
      },
      "source": [
        "well, more or less ... "
      ]
    },
    {
      "cell_type": "markdown",
      "metadata": {
        "id": "UhgPgXRkYQsA",
        "colab_type": "text"
      },
      "source": [
        "# How do you evaluate the distance between two points?\n",
        "\n",
        "R: yes, **Pythagorean theorem**.\n",
        "\n",
        "![texto alternativo](https://4.bp.blogspot.com/-aYH9XG-HEMo/WlEtO_gzW7I/AAAAAAAAACo/eYa9Gym9Kck9lWZO9WTO-dyx2_cX5DKVQCLcBGAs/s1600/perimetro-de-un-triangulo.jpg)\n",
        "\n",
        "Now, with python:"
      ]
    },
    {
      "cell_type": "code",
      "metadata": {
        "id": "jIP86D7tYe67",
        "colab_type": "code",
        "colab": {
          "base_uri": "https://localhost:8080/",
          "height": 34
        },
        "outputId": "b9396f6f-d085-4326-9e61-eba6ca410be9"
      },
      "source": [
        "from scipy.spatial import distance\n",
        "a1 = (0, 0)\n",
        "a2 = (3, 4)\n",
        "d = distance.euclidean(a1, a2)\n",
        "print(\"Euclidean distance: \",d)"
      ],
      "execution_count": 4,
      "outputs": [
        {
          "output_type": "stream",
          "text": [
            "Euclidean distance:  5.0\n"
          ],
          "name": "stdout"
        }
      ]
    },
    {
      "cell_type": "markdown",
      "metadata": {
        "id": "41xEHMm6aPLo",
        "colab_type": "text"
      },
      "source": [
        "#Now, doing this for many point is not practical, so we can use another function called `cdist`"
      ]
    },
    {
      "cell_type": "code",
      "metadata": {
        "id": "-_PT7ASjo2Wq",
        "colab_type": "code",
        "colab": {}
      },
      "source": [
        "from scipy.spatial.distance import cdist"
      ],
      "execution_count": 5,
      "outputs": []
    },
    {
      "cell_type": "markdown",
      "metadata": {
        "id": "CaKhV1Hraudx",
        "colab_type": "text"
      },
      "source": [
        "# But now we need those points. Here we can create these coordinates using random numbers!!!\n",
        "\n",
        "![texto alternativo](https://spicyyoghurt.com/img/tutorials/headers/large/random_header.jpg)"
      ]
    },
    {
      "cell_type": "code",
      "metadata": {
        "id": "mzEQqx19YhKC",
        "colab_type": "code",
        "colab": {}
      },
      "source": [
        "np.random.seed(1973)\n",
        "N=10\n",
        "longitud = np.random.uniform(20,30, size=(N, ))\n",
        "latitud = np.random.uniform(20,30, size=(N, ))\n"
      ],
      "execution_count": 6,
      "outputs": []
    },
    {
      "cell_type": "markdown",
      "metadata": {
        "id": "2Tz8j7Wgb9fa",
        "colab_type": "text"
      },
      "source": [
        "### Print longitud and latitud to see how they look. Feel free to change the parameters to see what happens."
      ]
    },
    {
      "cell_type": "code",
      "metadata": {
        "id": "aSQRsENycNlW",
        "colab_type": "code",
        "colab": {
          "base_uri": "https://localhost:8080/",
          "height": 51
        },
        "outputId": "232da882-1fd8-4a1c-db08-3eebe104b085"
      },
      "source": [
        "print(\"longitud: \", latitud)"
      ],
      "execution_count": 7,
      "outputs": [
        {
          "output_type": "stream",
          "text": [
            "longitud:  [22.82254546 21.87396039 21.08800552 24.27418792 25.32547259 26.19645719\n",
            " 22.3290682  20.25495623 22.44989631 25.28597205]\n"
          ],
          "name": "stdout"
        }
      ]
    },
    {
      "cell_type": "markdown",
      "metadata": {
        "id": "_UYIx8Cqc9Av",
        "colab_type": "text"
      },
      "source": [
        "# Now we can see them on the plane using `plotly`."
      ]
    },
    {
      "cell_type": "code",
      "metadata": {
        "id": "nxGwdFV8cvvC",
        "colab_type": "code",
        "colab": {}
      },
      "source": [
        "xy=np.array(list(zip(longitud,latitud)))"
      ],
      "execution_count": 8,
      "outputs": []
    },
    {
      "cell_type": "code",
      "metadata": {
        "id": "O6uKgcR-c2CG",
        "colab_type": "code",
        "colab": {
          "base_uri": "https://localhost:8080/",
          "height": 187
        },
        "outputId": "71b8b93d-5140-44eb-992d-4b70644617d0"
      },
      "source": [
        "xy"
      ],
      "execution_count": 9,
      "outputs": [
        {
          "output_type": "execute_result",
          "data": {
            "text/plain": [
              "array([[24.8349674 , 22.82254546],\n",
              "       [22.8088203 , 21.87396039],\n",
              "       [26.56754956, 21.08800552],\n",
              "       [21.1733678 , 24.27418792],\n",
              "       [25.15841411, 25.32547259],\n",
              "       [27.24277718, 26.19645719],\n",
              "       [26.43943541, 22.3290682 ],\n",
              "       [28.85258305, 20.25495623],\n",
              "       [28.79744905, 22.44989631],\n",
              "       [23.09471439, 25.28597205]])"
            ]
          },
          "metadata": {
            "tags": []
          },
          "execution_count": 9
        }
      ]
    },
    {
      "cell_type": "code",
      "metadata": {
        "id": "RZe5-yVDtBpu",
        "colab_type": "code",
        "colab": {
          "base_uri": "https://localhost:8080/",
          "height": 357
        },
        "outputId": "f881721d-7d84-4a1d-9b59-a14cc8c6c1b1"
      },
      "source": [
        "distancias = cdist(xy, xy, 'euclidean')\n",
        "#np.where( Y==np.min(Y[np.nonzero(Y)]))\n",
        "distancias"
      ],
      "execution_count": 10,
      "outputs": [
        {
          "output_type": "execute_result",
          "data": {
            "text/plain": [
              "array([[0.        , 2.23720489, 2.45162594, 3.93885484, 2.52373968,\n",
              "        4.14497627, 1.67864154, 4.76799224, 3.97996586, 3.01611523],\n",
              "       [2.23720489, 0.        , 3.84002222, 2.90444437, 4.17534759,\n",
              "        6.19224937, 3.65902845, 6.25685565, 6.01625935, 3.42396832],\n",
              "       [2.45162594, 3.84002222, 0.        , 6.26489865, 4.46562313,\n",
              "        5.15288374, 1.24765773, 2.43214909, 2.61289079, 5.44825725],\n",
              "       [3.93885484, 2.90444437, 6.26489865, 0.        , 4.12138248,\n",
              "        6.3665414 , 5.61381856, 8.66744312, 7.83930194, 2.17146952],\n",
              "       [2.52373968, 4.17534759, 4.46562313, 4.12138248, 0.        ,\n",
              "        2.25902271, 3.25875051, 6.27351739, 4.6380507 , 2.06407771],\n",
              "       [4.14497627, 6.19224937, 5.15288374, 6.3665414 , 2.25902271,\n",
              "        0.        , 3.94994375, 6.15572161, 4.0563189 , 4.24681152],\n",
              "       [1.67864154, 3.65902845, 1.24765773, 5.61381856, 3.25875051,\n",
              "        3.94994375, 0.        , 3.1820154 , 2.36110732, 4.46435203],\n",
              "       [4.76799224, 6.25685565, 2.43214909, 8.66744312, 6.27351739,\n",
              "        6.15572161, 3.1820154 , 0.        , 2.19563242, 7.64618674],\n",
              "       [3.97996586, 6.01625935, 2.61289079, 7.83930194, 4.6380507 ,\n",
              "        4.0563189 , 2.36110732, 2.19563242, 0.        , 6.36902726],\n",
              "       [3.01611523, 3.42396832, 5.44825725, 2.17146952, 2.06407771,\n",
              "        4.24681152, 4.46435203, 7.64618674, 6.36902726, 0.        ]])"
            ]
          },
          "metadata": {
            "tags": []
          },
          "execution_count": 10
        }
      ]
    },
    {
      "cell_type": "markdown",
      "metadata": {
        "id": "LT25FY0CmJev",
        "colab_type": "text"
      },
      "source": [
        "![texto alternativo](https://miro.medium.com/max/748/1*wP8ubuQEIrtxtfd-DTOTig.jpeg)"
      ]
    },
    {
      "cell_type": "code",
      "metadata": {
        "id": "KwjA5LADmB0i",
        "colab_type": "code",
        "colab": {}
      },
      "source": [
        "import pandas as pd"
      ],
      "execution_count": 11,
      "outputs": []
    },
    {
      "cell_type": "code",
      "metadata": {
        "id": "j9IvPghwc4TS",
        "colab_type": "code",
        "colab": {}
      },
      "source": [
        "distancias_df=pd.DataFrame(data=distancias)"
      ],
      "execution_count": 12,
      "outputs": []
    },
    {
      "cell_type": "code",
      "metadata": {
        "id": "j6451vZffAJ_",
        "colab_type": "code",
        "colab": {
          "base_uri": "https://localhost:8080/",
          "height": 359
        },
        "outputId": "e9131eb3-82e2-4633-9197-6d151804770a"
      },
      "source": [
        "distancias_df"
      ],
      "execution_count": 13,
      "outputs": [
        {
          "output_type": "execute_result",
          "data": {
            "text/html": [
              "<div>\n",
              "<style scoped>\n",
              "    .dataframe tbody tr th:only-of-type {\n",
              "        vertical-align: middle;\n",
              "    }\n",
              "\n",
              "    .dataframe tbody tr th {\n",
              "        vertical-align: top;\n",
              "    }\n",
              "\n",
              "    .dataframe thead th {\n",
              "        text-align: right;\n",
              "    }\n",
              "</style>\n",
              "<table border=\"1\" class=\"dataframe\">\n",
              "  <thead>\n",
              "    <tr style=\"text-align: right;\">\n",
              "      <th></th>\n",
              "      <th>0</th>\n",
              "      <th>1</th>\n",
              "      <th>2</th>\n",
              "      <th>3</th>\n",
              "      <th>4</th>\n",
              "      <th>5</th>\n",
              "      <th>6</th>\n",
              "      <th>7</th>\n",
              "      <th>8</th>\n",
              "      <th>9</th>\n",
              "    </tr>\n",
              "  </thead>\n",
              "  <tbody>\n",
              "    <tr>\n",
              "      <th>0</th>\n",
              "      <td>0.000000</td>\n",
              "      <td>2.237205</td>\n",
              "      <td>2.451626</td>\n",
              "      <td>3.938855</td>\n",
              "      <td>2.523740</td>\n",
              "      <td>4.144976</td>\n",
              "      <td>1.678642</td>\n",
              "      <td>4.767992</td>\n",
              "      <td>3.979966</td>\n",
              "      <td>3.016115</td>\n",
              "    </tr>\n",
              "    <tr>\n",
              "      <th>1</th>\n",
              "      <td>2.237205</td>\n",
              "      <td>0.000000</td>\n",
              "      <td>3.840022</td>\n",
              "      <td>2.904444</td>\n",
              "      <td>4.175348</td>\n",
              "      <td>6.192249</td>\n",
              "      <td>3.659028</td>\n",
              "      <td>6.256856</td>\n",
              "      <td>6.016259</td>\n",
              "      <td>3.423968</td>\n",
              "    </tr>\n",
              "    <tr>\n",
              "      <th>2</th>\n",
              "      <td>2.451626</td>\n",
              "      <td>3.840022</td>\n",
              "      <td>0.000000</td>\n",
              "      <td>6.264899</td>\n",
              "      <td>4.465623</td>\n",
              "      <td>5.152884</td>\n",
              "      <td>1.247658</td>\n",
              "      <td>2.432149</td>\n",
              "      <td>2.612891</td>\n",
              "      <td>5.448257</td>\n",
              "    </tr>\n",
              "    <tr>\n",
              "      <th>3</th>\n",
              "      <td>3.938855</td>\n",
              "      <td>2.904444</td>\n",
              "      <td>6.264899</td>\n",
              "      <td>0.000000</td>\n",
              "      <td>4.121382</td>\n",
              "      <td>6.366541</td>\n",
              "      <td>5.613819</td>\n",
              "      <td>8.667443</td>\n",
              "      <td>7.839302</td>\n",
              "      <td>2.171470</td>\n",
              "    </tr>\n",
              "    <tr>\n",
              "      <th>4</th>\n",
              "      <td>2.523740</td>\n",
              "      <td>4.175348</td>\n",
              "      <td>4.465623</td>\n",
              "      <td>4.121382</td>\n",
              "      <td>0.000000</td>\n",
              "      <td>2.259023</td>\n",
              "      <td>3.258751</td>\n",
              "      <td>6.273517</td>\n",
              "      <td>4.638051</td>\n",
              "      <td>2.064078</td>\n",
              "    </tr>\n",
              "    <tr>\n",
              "      <th>5</th>\n",
              "      <td>4.144976</td>\n",
              "      <td>6.192249</td>\n",
              "      <td>5.152884</td>\n",
              "      <td>6.366541</td>\n",
              "      <td>2.259023</td>\n",
              "      <td>0.000000</td>\n",
              "      <td>3.949944</td>\n",
              "      <td>6.155722</td>\n",
              "      <td>4.056319</td>\n",
              "      <td>4.246812</td>\n",
              "    </tr>\n",
              "    <tr>\n",
              "      <th>6</th>\n",
              "      <td>1.678642</td>\n",
              "      <td>3.659028</td>\n",
              "      <td>1.247658</td>\n",
              "      <td>5.613819</td>\n",
              "      <td>3.258751</td>\n",
              "      <td>3.949944</td>\n",
              "      <td>0.000000</td>\n",
              "      <td>3.182015</td>\n",
              "      <td>2.361107</td>\n",
              "      <td>4.464352</td>\n",
              "    </tr>\n",
              "    <tr>\n",
              "      <th>7</th>\n",
              "      <td>4.767992</td>\n",
              "      <td>6.256856</td>\n",
              "      <td>2.432149</td>\n",
              "      <td>8.667443</td>\n",
              "      <td>6.273517</td>\n",
              "      <td>6.155722</td>\n",
              "      <td>3.182015</td>\n",
              "      <td>0.000000</td>\n",
              "      <td>2.195632</td>\n",
              "      <td>7.646187</td>\n",
              "    </tr>\n",
              "    <tr>\n",
              "      <th>8</th>\n",
              "      <td>3.979966</td>\n",
              "      <td>6.016259</td>\n",
              "      <td>2.612891</td>\n",
              "      <td>7.839302</td>\n",
              "      <td>4.638051</td>\n",
              "      <td>4.056319</td>\n",
              "      <td>2.361107</td>\n",
              "      <td>2.195632</td>\n",
              "      <td>0.000000</td>\n",
              "      <td>6.369027</td>\n",
              "    </tr>\n",
              "    <tr>\n",
              "      <th>9</th>\n",
              "      <td>3.016115</td>\n",
              "      <td>3.423968</td>\n",
              "      <td>5.448257</td>\n",
              "      <td>2.171470</td>\n",
              "      <td>2.064078</td>\n",
              "      <td>4.246812</td>\n",
              "      <td>4.464352</td>\n",
              "      <td>7.646187</td>\n",
              "      <td>6.369027</td>\n",
              "      <td>0.000000</td>\n",
              "    </tr>\n",
              "  </tbody>\n",
              "</table>\n",
              "</div>"
            ],
            "text/plain": [
              "          0         1         2  ...         7         8         9\n",
              "0  0.000000  2.237205  2.451626  ...  4.767992  3.979966  3.016115\n",
              "1  2.237205  0.000000  3.840022  ...  6.256856  6.016259  3.423968\n",
              "2  2.451626  3.840022  0.000000  ...  2.432149  2.612891  5.448257\n",
              "3  3.938855  2.904444  6.264899  ...  8.667443  7.839302  2.171470\n",
              "4  2.523740  4.175348  4.465623  ...  6.273517  4.638051  2.064078\n",
              "5  4.144976  6.192249  5.152884  ...  6.155722  4.056319  4.246812\n",
              "6  1.678642  3.659028  1.247658  ...  3.182015  2.361107  4.464352\n",
              "7  4.767992  6.256856  2.432149  ...  0.000000  2.195632  7.646187\n",
              "8  3.979966  6.016259  2.612891  ...  2.195632  0.000000  6.369027\n",
              "9  3.016115  3.423968  5.448257  ...  7.646187  6.369027  0.000000\n",
              "\n",
              "[10 rows x 10 columns]"
            ]
          },
          "metadata": {
            "tags": []
          },
          "execution_count": 13
        }
      ]
    },
    {
      "cell_type": "code",
      "metadata": {
        "id": "ZeGrxBiaveow",
        "colab_type": "code",
        "colab": {}
      },
      "source": [
        "def vecinos(df,r,i):\n",
        "  return df[df[i] < r][i]"
      ],
      "execution_count": 14,
      "outputs": []
    },
    {
      "cell_type": "markdown",
      "metadata": {
        "id": "uy5_lmXTiYMe",
        "colab_type": "text"
      },
      "source": [
        "# we can get the distances to a given point using `vecinos`"
      ]
    },
    {
      "cell_type": "code",
      "metadata": {
        "id": "g-sTxiROhadt",
        "colab_type": "code",
        "colab": {
          "base_uri": "https://localhost:8080/",
          "height": 102
        },
        "outputId": "26a3ca42-8e47-4006-9ec3-9aa0da1cf5ad"
      },
      "source": [
        "radio=3\n",
        "punto=4\n",
        "vec_serie=vecinos(distancias_df,radio,punto)\n",
        "print(vec_serie)"
      ],
      "execution_count": 15,
      "outputs": [
        {
          "output_type": "stream",
          "text": [
            "0    2.523740\n",
            "4    0.000000\n",
            "5    2.259023\n",
            "9    2.064078\n",
            "Name: 4, dtype: float64\n"
          ],
          "name": "stdout"
        }
      ]
    },
    {
      "cell_type": "code",
      "metadata": {
        "id": "xjQPsX868WWH",
        "colab_type": "code",
        "colab": {
          "base_uri": "https://localhost:8080/",
          "height": 459
        },
        "outputId": "35f0820c-f22b-4eb5-ba5f-bd5c47760e2c"
      },
      "source": [
        "pares=[]\n",
        "for i in np.arange(10):\n",
        "  vec_serie=vecinos(distancias_df,radio,i)\n",
        "  lista=(list(vec_serie.index.values)) \n",
        "  for p in lista:\n",
        "    if (p != i):\n",
        "      pares.append([i,p])\n",
        "      print(i,p)\n",
        "    \n"
      ],
      "execution_count": 16,
      "outputs": [
        {
          "output_type": "stream",
          "text": [
            "0 1\n",
            "0 2\n",
            "0 4\n",
            "0 6\n",
            "1 0\n",
            "1 3\n",
            "2 0\n",
            "2 6\n",
            "2 7\n",
            "2 8\n",
            "3 1\n",
            "3 9\n",
            "4 0\n",
            "4 5\n",
            "4 9\n",
            "5 4\n",
            "6 0\n",
            "6 2\n",
            "6 8\n",
            "7 2\n",
            "7 8\n",
            "8 2\n",
            "8 6\n",
            "8 7\n",
            "9 3\n",
            "9 4\n"
          ],
          "name": "stdout"
        }
      ]
    },
    {
      "cell_type": "code",
      "metadata": {
        "id": "wqcCwToeEXOk",
        "colab_type": "code",
        "colab": {}
      },
      "source": [
        "import networkx as nx\n",
        "import matplotlib.pyplot as plt"
      ],
      "execution_count": 17,
      "outputs": []
    },
    {
      "cell_type": "code",
      "metadata": {
        "id": "6VUGG_OUEcS7",
        "colab_type": "code",
        "colab": {
          "base_uri": "https://localhost:8080/",
          "height": 51
        },
        "outputId": "25bf870e-a1c2-461b-9b9b-0b3371443dcf"
      },
      "source": [
        "G = nx.Graph()\n",
        "#G.add_edges_from(pares)\n",
        "G\n",
        "print('We have %d nodes.' % G.number_of_nodes())\n",
        "print('We have %d edges.' % G.number_of_edges())"
      ],
      "execution_count": 35,
      "outputs": [
        {
          "output_type": "stream",
          "text": [
            "We have 0 nodes.\n",
            "We have 0 edges.\n"
          ],
          "name": "stdout"
        }
      ]
    },
    {
      "cell_type": "code",
      "metadata": {
        "id": "0UxEL7IqbsEC",
        "colab_type": "code",
        "colab": {}
      },
      "source": [
        "for par in pares:\n",
        "  G.add_edge(str(par[0]),str(par[1]))"
      ],
      "execution_count": 36,
      "outputs": []
    },
    {
      "cell_type": "code",
      "metadata": {
        "id": "ML5K_F13b9E-",
        "colab_type": "code",
        "colab": {
          "base_uri": "https://localhost:8080/",
          "height": 51
        },
        "outputId": "85f0399d-f58a-4b85-fe16-be7e5afbe7ec"
      },
      "source": [
        "print('We have %d nodes.' % G.number_of_nodes())\n",
        "print('We have %d edges.' % G.number_of_edges())"
      ],
      "execution_count": 37,
      "outputs": [
        {
          "output_type": "stream",
          "text": [
            "We have 10 nodes.\n",
            "We have 13 edges.\n"
          ],
          "name": "stdout"
        }
      ]
    },
    {
      "cell_type": "code",
      "metadata": {
        "id": "mS0Pj3fFC_YQ",
        "colab_type": "code",
        "colab": {
          "base_uri": "https://localhost:8080/",
          "height": 54
        },
        "outputId": "3b4a4110-80e1-4edb-93dd-796cef708f74"
      },
      "source": [
        "diccio={} # inicializamos el diccionario\n",
        "seed=108  # damos una semilla, prueba a ver que pasa si la cambias!!!\n",
        "for i in np.arange(10):\n",
        "  #np.random.seed(i+seed)\n",
        "  diccio[str(i)]=np.array([longitud[i],latitud[i]])#np.random.uniform(20,30, size=(2, )) # qué significa esta línea?? --> ve el resultado\n",
        "  \n",
        "\n",
        "print(diccio)"
      ],
      "execution_count": 38,
      "outputs": [
        {
          "output_type": "stream",
          "text": [
            "{'0': array([24.8349674 , 22.82254546]), '1': array([22.8088203 , 21.87396039]), '2': array([26.56754956, 21.08800552]), '3': array([21.1733678 , 24.27418792]), '4': array([25.15841411, 25.32547259]), '5': array([27.24277718, 26.19645719]), '6': array([26.43943541, 22.3290682 ]), '7': array([28.85258305, 20.25495623]), '8': array([28.79744905, 22.44989631]), '9': array([23.09471439, 25.28597205])}\n"
          ],
          "name": "stdout"
        }
      ]
    },
    {
      "cell_type": "code",
      "metadata": {
        "id": "RhfiBYw-D4uL",
        "colab_type": "code",
        "colab": {
          "base_uri": "https://localhost:8080/",
          "height": 319
        },
        "outputId": "df1bede5-ddaf-4689-956c-1469ab3757a0"
      },
      "source": [
        "pos=diccio\n",
        "nx.draw(G,pos=pos,with_labels=True)\n",
        "plt.show()"
      ],
      "execution_count": 40,
      "outputs": [
        {
          "output_type": "display_data",
          "data": {
